     75 3 4
     4    53 0
     5    63 0
    10    59 0
     9    77 0
    13    49 0
    13    69 0
    12    88 0
    15    75 0
    18    61 0 
    19    65 0
    22    74 0 
    27    72 0 
    28    76 0 
    24    58 0 
    27    55 0 
    28    60 0 
    30    52 0
    31    60 0 
    32    61 0 
    36    72 0
    28   147 1
    32   149 1 
    35   153 1 
    33   154 1
    38   151 1
    41   150 1
    38   145 1
    38   143 1
    32   143 1
    34   141 1
    44   156 1
    44   149 1
    44   143 1
    46   142 1
    47   149 1
    49   152 1
    50   142 1
    53   144 1
    52   152 1
    55   155 1
    54   124 1
    60   136 1
    63   139 1
    86   132 2
    85   115 2
    85    96 2
    78    94 2
    74    96 2 
    97   122 2 
    98   116 2
    98   124 2
    99   119 2
    99   128 2
   101   115 2
   108   111 2
   110   111 2
   108   116 2
   111   126 2
   115   117 2
   117   115 2
    70     4 3
    77    12 3
    83    21 3
    61    15 3
    69    15 3
    78    16 3
    66    18 3
    58    13 3
    64    20 3
    69    21 3
    66    23 3
    61    25 3
    76    27 3
    72    31 3
    64    30 3
